nsnps_per,nsample,sparsity,nblocks,global_malloc_current,global_malloc_peak,global_lasso_malloc_current,global_lasso_malloc_peak,true_met,global_met,single_block_malloc_current,single_block_malloc_peak,block_malloc_current,block_malloc_peak,avg_block_lasso_malloc_current,avg_block_lasso_malloc_peak,unweighted_block_met,block_met
10,5000,0.1,22,0.067779917,0.071314031,9.7598e-05,0.007688194,0.5700270121071903,0.5433253135198886,0.001004146,0.001564373,0.009804462,0.018204459,67559.31818181818,483737.3181818182,0.41422995811009716,0.5208301165812742
10,5000,0.5,22,0.067633215,0.071193439,9.0059e-05,0.007680656,0.5746516358483439,0.5866858312137003,0.001002727,0.001563125,0.009803203,0.018203392,235658.18181818182,5967251.5,0.490989751412038,0.5372494207981602
10,5000,0.9,22,0.067633033,0.071193255,9.0008e-05,0.007680604,0.555056659669705,0.527207977837724,0.001002729,0.001563125,0.009805348,0.018203394,67582.45454545454,483806.7272727273,0.43079983961454477,0.5389950223861328
10,10000,0.1,22,0.077033022,0.077278515,9.006e-05,0.014752656,0.5593947336094406,0.5805514783334053,0.002002726,0.002243253,0.019603202,0.036403391,68121.63636363637,836420.4545454546,0.5631737469621281,0.5572616166709605
10,10000,0.5,22,0.077033142,0.077278507,9.0008e-05,0.014752604,0.569897882025594,0.5492271467355863,0.002002726,0.002243253,0.019603202,0.036403391,66184.90909090909,834437.0,0.5308369973822759,0.5404353389682562
10,10000,0.9,22,0.077033006,0.077278499,9.0112e-05,0.014752708,0.5773511956883085,0.5812722712127263,0.002002726,0.002243253,0.019604386,0.036403391,67083.40909090909,835294.6818181818,0.5395380090722738,0.571745162693348
10,15000,0.1,22,0.086432997,0.086798491,9.0111e-05,0.021824708,0.5697041088916225,0.5582772952776481,0.003002725,0.003363253,0.029403201,0.05460339,67655.18181818182,1187917.5,0.5528250497420293,0.5561556005884685
10,15000,0.5,22,0.086432928,0.086798422,9.006e-05,0.021824656,0.5637202823845721,0.5272008242779596,0.003002725,0.003363253,0.029403201,0.05460339,67804.0,1188386.7727272727,0.4822829870674588,0.5192651935728373
10,15000,0.9,22,0.086432972,0.086798467,9.0061e-05,0.021824656,0.5680932990906004,0.5704490455262892,0.003002724,0.003363253,0.029403455,0.054603645,66001.09090909091,1186161.5,0.5552880090898303,0.5641367359653547
10,20000,0.1,22,0.095832962,0.096318459,9.114e-05,0.028896552,0.5729734271541918,0.5859623096751633,0.004002722,0.004483253,0.039203197,0.072803387,67173.13636363637,1539279.6818181819,0.5778705231596565,0.576814566562033
10,20000,0.5,22,0.095832887,0.096318384,9.0112e-05,0.028896708,0.5646211386862757,0.5860570777226166,0.004002722,0.004483253,0.039203198,0.072803387,67905.04545454546,1539982.7727272727,0.5514820149461614,0.581429821589463
10,20000,0.9,22,0.095832893,0.09631839,9.0112e-05,0.028896708,0.5669571848344314,0.5610771327693079,0.004002722,0.004483253,0.039203198,0.072803387,66006.77272727272,1538075.6363636365,0.5390603334765969,0.5586242575310024
50,5000,0.1,22,0.102910382,0.103057023,0.000442112,0.04550666,0.5591533928900013,0.5346181442974195,0.002606247,0.002727733,0.046607043,0.088606912,250130.68181818182,1984320.9545454546,0.3531043718375063,0.5207799487501202
50,5000,0.5,22,0.103031819,0.103177271,0.000443167,0.045507716,0.5666890102373197,0.5603312760466904,0.002606643,0.002728125,0.046607119,0.088607308,251030.31818181818,1985162.4090909092,0.4319595881892362,0.5078905353215901
50,5000,0.9,22,0.102910458,0.103057095,0.000442007,0.045506608,0.5638315113087791,0.5320481984159486,0.00260625,0.002727733,0.046606725,0.088606914,251846.81818181818,1986015.0,0.4361147729073349,0.49889407091144045
50,10000,0.1,22,0.147510368,0.147777007,0.00044206,0.080738608,0.5720168054632249,0.5828781530058664,0.005206248,0.005447733,0.093206724,0.177206913,249893.5,3616067.090909091,0.5229045563734499,0.5562786635714065
50,10000,0.5,22,0.14751026,0.147776901,0.00044206,0.080738608,0.5691832093902388,0.516422267467881,0.005206246,0.005447733,0.093207137,0.177206911,250010.04545454544,3616181.590909091,0.4690732754264566,0.5052468367266555
50,10000,0.9,22,0.147510366,0.147777007,0.000442112,0.08073866,0.5742794217065598,0.5477162757844726,0.005206246,0.005447733,0.093208098,0.177206911,250401.4090909091,3616562.5,0.49788314227710323,0.5284294363734675
50,15000,0.1,22,0.192110312,0.192496954,0.00044206,0.115970608,0.567291906226061,0.5657777577595394,0.007806244,0.008167733,0.139806719,0.265806909,251703.77272727274,5249891.090909091,0.5298116386291736,0.562455405190539
50,15000,0.5,22,0.192113565,0.192497007,0.000442059,0.115970608,0.5686149935232699,0.5626875954446618,0.007806246,0.008167733,0.139806722,0.265806911,249984.9090909091,5248415.363636363,0.507027098705535,0.5491594365138514
50,15000,0.9,22,0.192110365,0.192497007,0.000442112,0.11597066,0.5682777137864596,0.5544740030406579,0.007806245,0.008167733,0.139806721,0.26580691,250179.27272727274,5248340.454545454,0.5329042169491244,0.5432751464304644
50,20000,0.1,22,0.236710362,0.237217007,0.000441956,0.151202504,0.5721009237910529,0.5900419094199071,0.010406242,0.010887733,0.186406718,0.354406907,251175.77272727274,6881366.136363637,0.335770793909094,0.5876851548207304
50,20000,0.5,22,0.236710362,0.237217007,0.00044206,0.151202608,0.5733054030015677,0.5556032344481874,0.010406242,0.010887733,0.186406717,0.354406907,250597.86363636365,6880759.045454546,0.5199754345540518,0.550579354358833
50,20000,0.9,22,0.236710363,0.237217007,0.000442059,0.151202608,0.5687521593183054,0.5642433774527364,0.010406242,0.010887733,0.186406716,0.354406907,249575.5,6879749.136363637,0.5327378768212923,0.5551662501209041
100,5000,0.1,22,0.147007172,0.147180207,0.000882059,0.110213008,0.5702025780720279,0.5795851060926465,0.004610652,0.004733333,0.092611128,0.176611317,480673.9090909091,3921591.0,0.45645076067085344,0.5678397356195949
100,5000,0.5,22,0.147007103,0.147180207,0.000882006,0.110212956,0.583042014129631,0.5064574745329408,0.00461065,0.004733333,0.092611125,0.176611314,481080.5909090909,3921998.3181818184,0.41392599632298294,0.45176104603135003
100,5000,0.9,22,0.147007117,0.147180154,0.000882059,0.110213136,0.5486634873202282,0.49736704419261707,0.00461065,0.004733333,0.092611125,0.176611314,480968.0909090909,3921865.227272727,0.4150704217847345,0.43943900874824987
100,10000,0.1,22,0.2356071,0.235900207,0.000882059,0.180645008,0.5674839794608066,0.5764460581809425,0.009210647,0.009453333,0.185211123,0.353211312,480105.13636363635,7153039.454545454,0.527353635879954,0.5583549898373443
100,10000,0.5,22,0.235607677,0.235900207,0.000882006,0.180644956,0.572297521472989,0.5705563714510737,0.009210645,0.009453333,0.185211729,0.35321131,480401.7272727273,7153301.954545454,0.5247927154207987,0.5444229619464981
100,10000,0.9,22,0.235607112,0.235900154,0.000882058,0.180645008,0.5659316148901216,0.5579452531434289,0.009210645,0.009453333,0.185212721,0.35321131,480491.3181818182,7153388.590909091,0.5019672577585879,0.5387750787408796
100,15000,0.1,22,0.324209627,0.324620207,0.000882111,0.25107706,0.5715803822260072,0.5664217662310409,0.013810643,0.014173333,0.277811119,0.529811308,481875.9090909091,10386799.409090908,0.5114897948743037,0.5573494153110427
100,15000,0.5,22,0.324207166,0.324620207,0.00088211,0.25107706,0.5730891781967054,0.5374166157264681,0.013810646,0.014173333,0.277811121,0.529811311,479239.2272727273,10384339.136363637,0.5080393210814929,0.519698345399897
100,15000,0.9,22,0.324207166,0.324620207,0.000882007,0.251076956,0.5659613806371006,0.5689637629521391,0.013810646,0.014173333,0.277811121,0.529811311,480128.0909090909,10384962.727272727,0.5219342381580829,0.538972086150797
100,20000,0.1,22,0.412807095,0.413340207,0.000882111,0.32150906,0.5715526195029166,0.5743030399678788,0.018410642,0.018893333,0.370411118,0.706411307,481353.2272727273,13618142.727272727,0.5091457585761988,0.5713813268131421
100,20000,0.5,22,0.412807162,0.413340207,0.000882058,0.321509008,0.5769995727742089,0.5762687463321796,0.018410642,0.018893333,0.370411118,0.706411307,481662.8181818182,13618418.863636363,0.5396379192765411,0.5554519491236097
100,20000,0.9,22,0.412807162,0.413340207,0.000882111,0.32150906,0.5624582954521538,0.5450603228364153,0.018410642,0.018893333,0.370411118,0.706411307,478725.3181818182,13615620.5,0.4976779292204404,0.5195166472353562
500,5000,0.1,22,0.49978157,0.500165807,0.004402207,0.708824692,0.5599886528244561,0.5120226670592686,0.02064585,0.020778161,0.460646325,0.880646514,2320888.9545454546,20491469.772727273,0.3549538220683154,0.5039324158971953
500,5000,0.5,22,0.49978157,0.500165807,0.004402154,0.708824768,0.5733015021135925,0.38306230057601065,0.020645849,0.020778161,0.460646324,0.880646514,2321240.272727273,20491831.727272727,0.23818274591258443,0.29901523040613553
500,5000,0.9,22,0.499781569,0.500165807,0.004402206,0.708824724,0.5631716598788719,0.3227237908696346,0.020645849,0.020778161,0.460646324,0.880646514,2322476.5454545454,20493034.227272727,0.1524701545343521,0.2653064187532631
500,10000,0.1,22,0.940381567,0.940885807,0.004402207,1.4128565,0.5668779061866326,0.5764811660154294,0.041245848,0.041498161,0.921246323,1.761246513,2319845.0454545454,36522387.59090909,0.5129697256382195,0.5536127489987224
500,10000,0.5,22,0.940381567,0.940885807,0.004402207,1.412856948,0.56192357902396,0.49357413780550596,0.041245847,0.041498161,0.921246323,1.761246512,2320738.1363636362,36523212.77272727,0.33675578972558917,0.43624872772335055
500,10000,0.9,22,0.940381565,0.940885807,0.004402207,1.41285666,0.5675435502055879,0.44344144682126835,0.041245846,0.041498161,0.921246321,1.761246511,2321297.8636363638,36523736.22727273,0.34098904994300444,0.4158462000206683
500,15000,0.1,22,1.380981562,1.381605807,0.004402111,2.029000748,0.5822039790184428,0.5845540596629661,0.061845842,0.062218161,1.381846317,2.641846507,2321297.727272727,52555681.86363637,0.47354069167461477,0.5569936517312498
500,15000,0.5,22,1.380981564,1.381605807,0.00440211,2.029000908,0.5761872282603887,0.5387354962606437,0.061845844,0.062218161,1.381846319,2.641846509,2320159.6363636362,52554710.68181818,0.48745657627795674,0.4871600059838528
500,15000,0.9,22,1.380981564,1.381605807,0.004402535,2.029002165,0.580191648099586,0.5024547598490723,0.061845843,0.062218161,1.381846318,2.641846508,2320799.727272727,52555348.72727273,0.4188079001180321,0.4440946005569121
500,20000,0.1,22,1.821581509,1.822325754,0.004402005,2.381032644,0.5647579028768543,0.5652107922663249,0.082445842,0.082938161,1.842446318,3.522446507,2321202.3636363638,68587745.31818181,0.4656535128924027,0.5516598038312135
500,20000,0.5,22,1.821581561,1.822325807,0.004402111,2.381033004,0.5633783683507751,0.5292654503365317,0.082445842,0.082938161,1.842446317,3.522446507,2321537.3181818184,68588072.95454545,0.508636464103159,0.5080270973631552
500,20000,0.9,22,1.821581509,1.822325754,0.004402006,2.381032708,0.5654968190402551,0.5047242539416671,0.082445842,0.082938161,1.842446318,3.522446507,2319958.6363636362,68586493.04545455,0.47384498759527244,0.4765591950672467
